10 10 10 10 10 10 10 10 10 10 10 10 10 10 10 10 10 10 10 10 10 10 10 10 10 10 10 10 10 10 10 10 10 10 10 10 10 10 10 10 10 10 10 10 10 10 10 10 10 10 10 180 180 180 180 180 180 180 180 180 10 10 10 10 10 10 10 10 10 10 10 10 10 10 10 10 10 10 10 10 10 10 10 10 10 10 10 10 10 10 10 10 10 10 10 10 10 10 10 10 
10 10 10 10 10 10 10 10 10 10 10 10 10 10 10 10 10 10 10 10 10 10 10 10 10 10 10 10 10 10 10 10 10 10 10 10 10 10 10 10 10 10 10.0002 10.0013 10.0088 10.0519 10.2688 11.2279 14.9432 27.3615 61.3457 126.43 161.38 172.425 172.651 167.756 159.224 147.259 131.877 112.973 86.3686 66.6318 50.1126 36.7488 26.5617 19.3885 14.8092 12.2021 10.8947 10.3213 10.1019 10.0285 10.0071 10.0015 10.0003 10.0001 10 10 10 10 10 10 10 10 10 10 10 10 10 10 10 10 10 10 10 10 10 10 10 10 
10 10 10 10 10 10 10 10 10 10 10 10 10 10 10 10 10 10 10 10 10 10 10 10 10 10 10 10 10 10 10 10 10 10 10 10 10 10 10 10 10.0001 10.0006 10.0028 10.0117 10.046 10.1712 10.6023 12.0109 16.3648 28.8495 60.114 118.196 149.067 157.115 154.785 148.224 139.661 129.835 118.99 107.135 92.5816 80.4304 69.1658 58.7485 49.2406 40.7303 33.3046 27.0279 21.9233 17.9575 15.0353 13.0068 11.6878 10.8882 10.4373 10.2014 10.0867 10.0349 10.0131 10.0046 10.0015 10.0005 10.0001 10 10 10 10 10 10 10 10 10 10 10 10 10 10 10 10 10 
10 10 10 10 10 10 10 10 10 10 10 10 10 10 10 10 10 10 10 10 10 10 10 10 10 10 10 10 10 10 10 10 10 10 10 10 10 10 10 10.0001 10.0005 10.0017 10.006 10.0208 10.0691 10.2222 10.694 12.1073 16.202 27.4389 55.036 107.574 136.905 144.26 142.009 136.297 129.273 121.602 113.476 104.9 94.9289 86.2042 77.8667 69.8748 62.2431 55.0052 48.2052 41.8924 36.1173 30.9272 26.3609 22.4423 19.1756 16.541 14.494 12.9676 11.879 11.1386 10.6594 10.3646 10.1924 10.0969 10.0466 10.0214 10.0094 10.0039 10.0016 10.0006 10.0002 10.0001 10 10 10 10 10 10 10 10 10 10 
10 10 10 10 10 10 10 10 10 10 10 10 10 10 10 10 10 10 10 10 10 10 10 10 10 10 10 10 10 10 10 10 10 10 10 10 10 10 10.0001 10.0002 10.0007 10.0024 10.0077 10.0242 10.0743 10.2238 10.6621 11.9243 15.4748 25.0415 48.4885 94.4584 126.38 134.939 133.542 128.844 123.077 116.882 110.428 103.723 96.1566 89.3629 82.7813 76.3777 70.1523 64.1172 58.2908 52.6963 47.3601 42.3116 37.5814 33.2 29.1965 25.5954 22.4151 19.6644 17.341 15.4297 13.9028 12.7211 11.8373 11.1998 10.757 10.4611 10.271 10.1536 10.084 10.0443 10.0226 10.0111 10.0053 10.0024 10.0011 10.0005 10.0002 10.0001 10 10 10 10 
10 10 10 10 10 10 10 10 10 10 10 10 10 10 10 10 10 10 10 10 10 10 10 10 10 10 10 10 10 10 10 10 10 10 10 10 10 10 10.0001 10.0003 10.0009 10.0026 10.0079 10.0236 10.0693 10.2006 10.5721 11.6025 14.3823 21.5375 38.4096 71.769 113.989 127.381 127.575 123.824 119.003 113.837 108.498 102.999 96.9096 91.3513 85.9259 80.6062 75.3886 70.277 65.2795 60.4069 55.6723 51.0911 46.6802 42.4584 38.4455 34.662 31.1282 27.8635 24.885 22.2062 19.8358 17.7761 16.0223 14.562 13.3752 12.4358 11.7126 11.1719 10.7799 10.5044 10.3169 10.1934 10.1146 10.0659 10.0368 10.02 10.0105 10.0054 10.0027 10.0012 10.0002 10.0007 
10 10 10 10 10 10 10 10 10 10 10 10 10 10 10 10 10 10 10 10 10 10 10 10 10 10 10 10 10 10 10 10 10 10 10 10 10 10 10.0001 10.0003 10.0008 10.0025 10.0072 10.0205 10.0578 10.1604 10.4375 11.1721 13.0789 17.8952 29.5236 55.0926 100.198 120.139 122.931 120.201 116.128 111.714 107.167 102.509 97.4178 92.7168 88.1066 83.5655 79.089 74.678 70.3359 66.0681 61.8813 57.7837 53.7845 49.8942 46.1244 42.4879 38.9981 35.6694 32.5163 29.5532 26.7941 24.2515 21.9355 19.8538 18.0099 16.4031 15.0278 13.8732 12.9242 12.1614 11.5627 11.1043 10.7623 10.5137 10.3378 10.2168 10.1357 10.0828 10.049 10.0267 10.0055 10.0161 
10 10 10 10 10 10 10 10 10 10 10 10 10 10 10 10 10 10 10 10 10 10 10 10 10 10 10 10 10 10 10 10 10 10 10 10 10 10 10.0001 10.0003 10.0007 10.0021 10.0058 10.016 10.0435 10.117 10.311 10.8196 12.1418 15.5263 23.8778 42.7635 77.6776 111.479 118.887 117.421 113.989 110.151 106.195 102.155 97.7836 93.7118 89.7059 85.7484 81.835 77.965 74.14 70.3628 66.6368 62.9666 59.3574 55.8151 52.3466 48.9593 45.6616 42.4624 39.3715 36.3992 33.556 30.8529 28.3008 25.91 23.69 21.6489 19.793 18.1262 16.6492 15.3598 14.2521 13.317 12.5421 11.9125 11.4114 11.0212 10.7238 10.5019 10.3377 10.2078 10.0567 10.1323 
10 10 10 10 10 10 10 10 10 10 10 10 10 10 10 10 10 10 10 10 10 10 10 10 10 10 10 10 10 10 10 10 10 10 10 10 10 10 10.0001 10.0002 10.0006 10.0016 10.0044 10.0117 10.0313 10.0826 10.2162 10.5609 11.4374 13.623 18.9123 31.0775 56.4311 98.8443 114.291 115.088 112.326 108.952 105.454 101.888 98.0592 94.4687 90.9283 87.4235 83.9503 80.5078 77.0963 73.7174 70.373 67.0656 63.7983 60.5746 57.3986 54.2748 51.2082 48.2045 45.2697 42.4106 39.6342 36.9482 34.3607 31.8799 29.5143 27.2723 25.162 23.1908 21.3653 19.6907 18.1706 16.8066 15.5981 14.5418 13.6321 12.8608 12.2171 11.6867 11.2467 10.8424 10.2925 10.5675 
10 10 10 10 10 10 10 10 10 10 10 10 10 10 10 10 10 10 10 10 10 10 10 10 10 10 10 10 10 10 10 10 10 10 10 10 10 10 10.0001 10.0002 10.0004 10.0012 10.0031 10.0082 10.0216 10.0558 10.1435 10.3658 10.9262 12.3277 15.7822 24.0025 41.984 74.3876 107.003 112.772 110.969 108.002 104.87 101.68 98.2744 95.0637 91.8925 88.7486 85.6283 82.5306 79.4554 76.4035 73.3759 70.3741 67.4 64.4557 61.5437 58.6669 55.8284 53.0317 50.2807 47.5796 44.9331 42.3463 39.8245 37.3737 35 32.7098 30.5098 28.4067 26.4072 24.5177 22.7444 21.0925 19.5665 18.1697 16.9038 15.7685 14.7604 13.869 13.061 12.2229 10.9418 11.5823 
10 10 10 10 10 10 10 10 10 10 10 10 10 10 10 10 10 10 10 10 10 10 10 10 10 10 10 10 10 10 10 10 10 10 10 10 10 10 10 10.0001 10.0003 10.0008 10.0022 10.0056 10.0143 10.0367 10.0932 10.2353 10.5894 11.4625 13.5808 18.5967 29.9785 53.6357 93.4289 109.471 109.752 107.228 104.399 101.513 98.4468 95.5436 92.6723 89.8225 86.9911 84.1768 81.3795 78.5994 75.8372 73.0937 70.3701 67.6677 64.9882 62.3334 59.7052 57.1059 54.5381 52.0044 49.508 47.0521 44.6404 42.2769 39.9657 37.7114 35.5189 33.3932 31.3395 29.3634 27.4703 25.6656 23.9547 22.3424 20.833 19.4293 18.13 16.9222 15.7513 14.4163 12.1952 13.3058 
10 10 10 10 10 10 10 10 10 10 10 10 10 10 10 10 10 10 10 10 10 10 10 10 10 10 10 10 10 10 10 10 10 10 10 10 10 10 10 10.0001 10.0002 10.0006 10.0014 10.0037 10.0093 10.0235 10.059 10.1471 10.3646 10.8992 12.202 15.327 22.5601 38.0588 66.3346 101.858 108.291 106.57 104.01 101.376 98.5881 95.9389 93.3159 90.7103 88.1194 85.5419 82.9776 80.4264 77.8887 75.3651 72.8564 70.3632 67.8868 65.4283 62.989 60.5704 58.1742 55.8022 53.4564 51.1391 48.8527 46.5998 44.3833 42.2064 40.0723 37.9848 35.9477 33.9649 32.0408 30.1797 28.3862 26.6646 25.0191 23.4521 21.9608 20.5245 19.0594 17.2659 14.0949 15.6804 
10 10 10 10 10 10 10 10 10 10 10 10 10 10 10 10 10 10 10 10 10 10 10 10 10 10 10 10 10 10 10 10 10 10 10 10 10 10 10 10.0001 10.0001 10.0004 10.0009 10.0024 10.0059 10.0148 10.0367 10.0906 10.2227 10.5439 11.3182 13.1656 17.4989 27.3165 47.7826 82.3623 105.04 105.933 103.683 101.261 98.706 96.2699 93.8559 91.4563 89.0686 86.6918 84.3253 81.9692 79.6236 77.2888 74.9654 72.6538 70.3549 68.0693 65.798 63.542 61.3024 59.0805 56.8776 54.6952 52.5351 50.399 48.2888 46.2068 44.1553 42.1368 40.154 38.2098 36.3072 34.4497 32.6405 30.8831 29.1803 27.5333 25.9358 24.3575 22.6852 20.527 16.5415 18.5343 
10 10 10 10 10 10 10 10 10 10 10 10 10 10 10 10 10 10 10 10 10 10 10 10 10 10 10 10 10 10 10 10 10 10 10 10 10 10 10 10 10.0001 10.0002 10.0006 10.0015 10.0037 10.0091 10.0224 10.0548 10.1336 10.3242 10.7826 11.875 14.4367 20.268 32.8297 57.1667 94.602 104.81 103.398 101.164 98.8059 96.5513 94.3156 92.0919 89.8782 87.6733 85.4768 83.2887 81.1089 78.9377 76.7753 74.6222 72.4788 70.3457 68.2235 66.1129 64.0146 61.9296 59.8587 57.8031 55.7639 53.7423 51.7397 49.7577 47.7978 45.8618 43.9517 42.0694 40.2172 38.3974 36.6125 34.8649 33.1563 31.486 29.8444 28.1922 26.3909 23.974 19.3683 21.6712 
10 10 10 10 10 10 10 10 10 10 10 10 10 10 10 10 10 10 10 10 10 10 10 10 10 10 10 10 10 10 10 10 10 10 10 10 10 10 10 10 10.0001 10.0001 10.0004 10.0009 10.0022 10.0055 10.0135 10.0327 10.0791 10.1904 10.4561 11.0867 12.5715 16.0134 23.716 39.6528 67.4994 99.8487 103.062 101.082 98.8915 96.7933 94.7114 92.6399 90.5766 88.5208 86.4718 84.4297 82.3944 80.366 78.3446 76.3307 74.3243 72.3261 70.3363 68.3555 66.3842 64.4231 62.4729 60.5341 58.6078 56.6948 54.796 52.9125 51.0454 49.1961 47.3658 45.5561 43.7684 42.0045 40.2662 38.5549 36.8714 35.2135 33.5688 31.8906 30.0213 27.44 22.4067 24.9234 
10 10 10 10 10 10 10 10 10 10 10 10 10 10 10 10 10 10 10 10 10 10 10 10 10 10 10 10 10 10 10 10 10 10 10 10 10 10 10 10 10 10.0001 10.0002 10.0006 10.0014 10.0033 10.008 10.0193 10.0462 10.1106 10.2633 10.6234 11.4664 13.4178 17.8528 27.5601 47.0639 78.8736 101.241 101.014 98.9658 97.0037 95.0559 93.1171 91.1853 89.2598 87.3401 85.426 83.5176 81.6148 79.7177 77.8266 75.9417 74.0632 72.1915 70.3268 68.4697 66.6205 64.7798 62.948 61.1258 59.3138 57.5126 55.7232 53.9462 52.1826 50.4334 48.6996 46.9823 45.2828 43.6022 41.9415 40.3007 38.6765 37.054 35.3815 33.4883 30.817 25.5191 28.1681 
10 10 10 10 10 10 10 10 10 10 10 10 10 10 10 10 10 10 10 10 10 10 10 10 10 10 10 10 10 10 10 10 10 10 10 10 10 10 10 10 10 10.0001 10.0001 10.0003 10.0008 10.0019 10.0047 10.0112 10.0267 10.0634 10.15 10.3532 10.8276 11.9251 14.4264 19.976 31.6846 54.0328 87.9989 100.642 99.0298 97.1883 95.3584 93.5364 91.7204 89.9098 88.1041 86.3032 84.507 82.7155 80.9288 79.1469 77.3701 75.5985 73.8323 72.0719 70.3175 68.5695 66.8281 65.0938 63.367 61.6482 59.9379 58.2367 56.5451 54.8639 53.1937 51.5353 49.8894 48.2571 46.639 45.0358 43.4468 41.8678 40.2826 38.636 36.7488 34.0425 28.6066 31.3246 
10 10 10 10 10 10 10 10 10 10 10 10 10 10 10 10 10 10 10 10 10 10 10 10 10 10 10 10 10 10 10 10 10 10 10 10 10 10 10 10 10 10 10.0001 10.0002 10.0005 10.0011 10.0027 10.0064 10.0152 10.036 10.0845 10.1977 10.4605 11.0665 12.4515 15.5642 22.3283 36.0675 60.473 92.9672 98.9558 97.3489 95.6261 93.9077 92.1945 90.486 88.7817 87.0815 85.3852 83.6929 82.0046 80.3204 78.6403 76.9646 75.2933 73.6267 71.965 70.3085 68.6573 67.0118 65.3724 63.7393 62.1129 60.4937 58.8821 57.2786 55.6837 54.098 52.5221 50.9566 49.402 47.8586 46.3254 44.7977 43.2579 41.6492 39.7878 37.0854 31.6044 34.3449 
10 10 10 10 10 10 10 10 10 10 10 10 10 10 10 10 10 10 10 10 10 10 10 10 10 10 10 10 10 10 10 10 10 10 10 10 10 10 10 10 10 10 10 10.0001 10.0003 10.0007 10.0015 10.0037 10.0086 10.0202 10.0471 10.1095 10.2533 10.5831 11.3333 13.0218 16.75 24.673 40.2099 65.8813 93.6987 97.3032 95.857 94.2383 92.6174 91.0001 89.3866 87.7765 86.1698 84.5665 82.9665 81.37 79.777 78.1876 76.602 75.0202 73.4424 71.8689 70.2997 68.7353 67.1757 65.6212 64.0722 62.5289 60.9917 59.4609 57.937 56.4204 54.9115 53.4107 51.9184 50.4347 48.9582 47.4838 45.9936 44.4294 42.6063 39.9342 34.474 37.2041 
10 10 10 10 10 10 10 10 10 10 10 10 10 10 10 10 10 10 10 10 10 10 10 10 10 10 10 10 10 10 10 10 10 10 10 10 10 10 10 10 10 10 10 10.0001 10.0002 10.0004 10.0009 10.0021 10.0048 10.0112 10.026 10.0599 10.1376 10.3146 10.7143 11.6089 13.5817 17.8293 26.5791 43.0809 68.8382 92.6414 95.7853 94.5175 92.9956 91.4617 89.9298 88.4008 86.8748 85.3517 83.8315 82.3142 80.7999 79.2887 77.7806 76.2757 74.7742 73.2762 71.7819 70.2914 68.8049 67.3226 65.8448 64.3716 62.9034 61.4404 59.9829 58.5312 57.0857 55.6467 54.2144 52.7887 51.3681 49.9472 48.5078 46.9916 45.2141 42.5895 37.1954 39.8925 
90 60.2902 37.3943 22.6058 14.729 11.4045 10.3244 10.0576 10.0078 10.0008 10.0001 10 10 10 10 10 10 10 10 10 10 10 10 10 10 10 10 10 10 10 10 10 10 10 10 10 10 10 10 10 10 10 10 10 10.0001 10.0002 10.0005 10.0011 10.0027 10.0061 10.0141 10.0324 10.0737 10.167 10.3758 10.8391 11.8549 14.0443 18.6338 27.7951 44.4481 69.3409 90.8645 94.3475 93.3009 91.8747 90.4199 88.9648 87.5118 86.0614 84.6135 83.1681 81.7252 80.285 78.8474 77.4125 75.9805 74.5515 73.1255 71.7028 70.2833 68.8674 67.4551 66.0467 64.6424 63.2423 61.8468 60.4559 59.0701 57.6895 56.3142 54.944 53.5774 52.2088 50.8199 49.3528 47.6251 45.0589 39.7607 42.4098 
90 78.7004 66.153 54.17 43.3754 34.0937 26.4999 20.6349 16.4001 13.5698 11.8343 10.8646 10.3729 10.1471 10.053 10.0175 10.0053 10.0015 10.0004 10.0001 10 10 10 10 10 10 10 10 10 10 10 10 10 10 10 10 10 10 10 10 10 10 10 10 10 10.0001 10.0003 10.0006 10.0014 10.0033 10.0076 10.0172 10.0389 10.0872 10.1942 10.4293 10.9405 12.0372 14.3472 19.0711 28.251 44.4688 68.0643 88.5793 92.927 92.1796 90.8563 89.4755 88.09 86.7058 85.3237 83.9438 82.5661 81.1906 79.8174 78.4465 77.0781 75.7122 74.3489 72.9883 71.6305 70.2757 68.9239 67.5753 66.2301 64.8884 63.5505 62.2165 60.8865 59.5609 58.2395 56.9221 55.6071 54.2888 52.9492 51.5309 49.8546 47.3532 42.17 44.7616 
90 83.7499 75.8188 67.5025 59.2957 51.4449 44.1086 37.4059 31.4304 26.2503 21.9027 18.3874 15.6634 13.6506 12.2391 11.3034 10.7187 10.3749 10.1849 10.0862 10.038 10.0159 10.0063 10.0023 10.0008 10.0003 10.0001 10 10 10 10 10 10 10 10 10 10 10 10 10 10 10 10 10 10 10.0001 10.0001 10.0003 10.0008 10.0018 10.004 10.009 10.0202 10.0448 10.0988 10.2161 10.4688 11.007 12.1379 14.4694 19.1356 28.0119 43.3922 65.53 85.7588 91.441 91.123 89.9228 88.6144 87.2931 85.9716 84.6516 83.3335 82.0173 80.7031 79.3909 78.0808 76.7729 75.4672 74.1638 72.8628 71.5643 70.2683 68.9751 67.6847 66.3973 65.113 63.8319 62.5542 61.2801 60.0094 58.7419 57.4759 56.2057 54.9135 53.543 51.9183 49.4849 44.4279 46.9564 
90 86.0303 80.5254 74.4115 68.1096 61.8268 55.6837 49.7641 44.1346 38.8533 33.9717 29.5351 25.5798 22.1307 19.1979 16.7744 14.8343 13.3349 12.2191 11.422 10.8762 10.5187 10.2948 10.1608 10.0842 10.0423 10.0204 10.0094 10.0042 10.0018 10.0007 10.0003 10.0001 10 10 10 10 10 10 10 10 10 10 10 10 10 10.0001 10.0002 10.0004 10.0009 10.0021 10.0047 10.0103 10.0227 10.0496 10.1073 10.2305 10.4907 11.0343 12.1546 14.4208 18.8739 27.2075 41.4829 62.0891 82.3053 89.7728 90.0917 89.0565 87.8244 86.5637 85.2997 84.0365 82.7749 81.5149 80.2567 79.0003 77.7458 76.4932 75.2426 73.994 72.7475 71.5033 70.2613 69.0218 67.7848 66.5504 65.3187 64.0899 62.864 61.641 60.4204 59.2006 57.9761 56.7292 55.4048 53.831 51.4668 46.5417 49.0043 
90 87.2818 83.2488 78.5555 73.5632 68.4597 63.3511 58.305 53.3704 48.5872 43.9907 39.6139 35.4879 31.642 28.1032 24.8943 22.0324 19.5278 17.3817 15.5855 14.1206 12.9589 12.0652 11.3992 10.9193 10.5852 10.3608 10.2154 10.1244 10.0696 10.0376 10.0197 10.01 10.0049 10.0023 10.0011 10.0005 10.0002 10.0001 10 10 10 10 10 10 10 10 10.0001 10.0002 10.0005 10.0011 10.0024 10.0052 10.0114 10.0245 10.0526 10.112 10.2364 10.4944 11.0239 12.0963 14.2293 18.3571 25.9877 38.9905 57.9968 78.1304 87.76 89.0284 88.2365 87.0938 85.8928 84.6824 83.4715 82.2616 81.0532 79.8464 78.6412 77.4377 76.2359 75.0358 73.8376 72.6413 71.447 70.2547 69.0645 67.8766 66.691 65.5078 64.3271 63.1488 61.9724 60.7963 59.6149 58.4111 57.1309 55.6067 53.3113 48.5203 50.9158 
90 88.0465 84.9877 81.2776 77.2213 72.9924 68.6903 64.3764 60.0922 55.8687 51.7314 47.7028 43.8044 40.0567 36.4799 33.094 29.9182 26.9702 24.2657 21.8174 19.6339 17.7187 16.0695 14.6778 13.5291 12.603 11.8751 11.3179 10.903 10.6029 10.392 10.2481 10.1529 10.0917 10.0535 10.0304 10.0168 10.009 10.0047 10.0024 10.0012 10.0006 10.0003 10.0001 10.0001 10 10 10.0001 10.0001 10.0002 10.0005 10.0012 10.0026 10.0056 10.012 10.0256 10.0539 10.1128 10.2341 10.4817 10.9816 11.9781 13.9312 17.6625 24.4983 36.1373 53.4637 73.2168 85.1914 87.8445 87.4337 86.4097 85.2718 84.1128 82.9504 81.7884 80.6275 79.468 78.3099 77.1534 75.9984 74.8449 73.6932 72.5431 71.3948 70.2483 69.1038 67.9612 66.8207 65.6823 64.5458 63.4109 62.2759 61.1354 59.9724 58.7344 57.2581 55.0302 50.3728 52.7015 
90 88.5474 86.1707 83.1769 79.8187 76.2549 72.5808 68.8552 65.1166 61.3922 57.7027 54.0653 50.4953 47.0071 43.6144 40.3312 37.1714 34.149 31.2778 28.5714 26.0426 23.7029 21.5618 19.6264 17.9008 16.3852 15.0759 13.9647 13.0399 12.2858 11.6842 11.215 10.8577 10.5922 10.3998 10.2637 10.17 10.1071 10.0659 10.0397 10.0233 10.0134 10.0075 10.0041 10.0022 10.0012 10.0006 10.0003 10.0002 10.0002 10.0003 10.0006 10.0013 10.0028 10.0058 10.0123 10.0257 10.0534 10.1101 10.2249 10.4557 10.9149 11.8175 13.5637 16.8634 22.8685 33.1135 48.6827 67.6563 81.8304 86.4019 86.603 85.7555 84.6923 83.5846 82.4681 81.3505 80.2336 79.1178 78.0033 76.8902 75.7784 74.6681 73.5593 72.452 71.3463 70.2423 69.1399 68.0394 66.9406 65.8434 64.7475 63.6512 62.5491 61.4248 60.2269 58.7966 56.6345 52.1083 54.3714 
90 88.8919 87.0117 84.5598 81.7405 78.6972 75.5211 72.2696 68.98 65.6779 62.3822 59.1073 55.8654 52.6672 49.5227 46.4416 43.4336 40.5084 37.676 34.9466 32.3305 29.8381 27.4793 25.2639 23.2005 21.2968 19.5586 17.9897 16.5916 15.3626 14.2986 13.392 12.6329 12.0088 11.5054 11.1075 10.7995 10.566 10.3929 10.2674 10.1783 10.1165 10.0746 10.0468 10.0288 10.0174 10.0103 10.0059 10.0034 10.0019 10.0012 10.0008 10.0009 10.0015 10.0029 10.0059 10.0122 10.0251 10.0514 10.1044 10.2103 10.4202 10.8321 11.6315 13.1602 16.0221 21.2042 30.0757 43.8391 61.6399 77.4832 84.4948 85.6701 85.1066 84.1437 83.0917 82.0199 80.944 79.868 78.7928 77.7188 76.6459 75.5742 74.5039 73.4349 72.3673 71.3011 70.2365 69.1733 68.1117 67.0515 65.9922 64.9323 63.8665 62.7787 61.619 60.2326 58.134 53.7359 55.9349 
90 89.1378 87.6294 85.5986 83.2069 80.5814 77.8085 74.9442 72.0258 69.0782 66.1193 63.1626 60.2186 57.2961 54.4029 51.5464 48.7334 45.9709 43.2659 40.6256 38.0573 35.5688 33.1678 30.8622 28.66 26.5692 24.597 22.7506 21.036 19.458 18.0203 16.7245 15.5704 14.5557 13.6758 12.924 12.2916 11.7684 11.3429 11.0032 10.7368 10.5319 10.3773 10.263 10.18 10.121 10.0799 10.0518 10.033 10.0207 10.0128 10.0078 10.0048 10.0033 10.0029 10.0036 10.0062 10.012 10.024 10.0483 10.0966 10.192 10.3787 10.7405 11.4347 12.7485 15.188 19.5871 27.1474 39.1063 55.4071 72.0988 81.8495 84.5121 84.422 83.6111 82.627 81.6011 80.5653 79.5277 78.4904 77.4539 76.4184 75.3841 74.3509 73.319 72.2883 71.259 70.2309 69.2042 68.1787 67.1539 66.1282 65.0966 64.0434 62.9199 61.5754 59.5379 55.2638 57.4009 
90 89.3184 88.0945 86.3979 84.3527 82.0696 79.6293 77.0867 74.4784 71.8296 69.1579 66.4763 63.7944 61.1204 58.4607 55.8213 53.2075 50.6246 48.0776 45.5716 43.112 40.7042 38.3537 36.0664 33.8484 31.7059 29.6453 27.6728 25.7948 24.0172 22.3457 20.7853 19.3402 18.0134 16.807 15.7212 14.7549 13.9052 13.1676 12.5361 12.0031 11.56 11.1974 10.9054 10.6743 10.4944 10.3568 10.2535 10.1772 10.1219 10.0825 10.055 10.0361 10.0235 10.0153 10.0105 10.0083 10.0089 10.0131 10.0234 10.0449 10.0878 10.1718 10.3346 10.6466 11.239 12.3496 14.3965 18.0748 24.4193 34.6315 49.1969 65.8395 78.1711 82.9338 83.6314 83.0705 82.1808 81.2067 80.211 79.2099 78.2081 77.2067 76.2061 75.2066 74.2081 73.2108 72.2146 71.2195 70.2256 69.2327 68.2404 67.247 66.2477 65.2271 64.1379 62.8334 60.8545 56.7 58.7772 
90 89.4541 88.4517 87.0245 85.2647 83.2671 81.1061 78.8345 76.4888 74.0943 71.6685 69.2244 66.7714 64.3171 61.8674 59.4276 57.002 54.5948 52.2099 49.8513 47.5227 45.2281 42.9715 40.7572 38.5894 36.4728 34.4122 32.4125 30.4788 28.6162 26.8299 25.1251 23.5067 21.9794 20.5473 19.214 17.9823 16.8541 15.83 14.9097 14.0914 13.372 12.7471 12.2112 11.7576 11.3792 11.0679 10.8157 10.6144 10.4563 10.334 10.241 10.1714 10.1202 10.0832 10.057 10.039 10.0275 10.0213 10.0206 10.0267 10.0438 10.0801 10.1521 10.291 10.5555 11.053 11.9779 13.6712 16.7039 21.9507 30.5238 43.2258 59.0449 73.2638 80.653 82.6144 82.4802 81.7379 80.8301 79.8771 78.912 77.9438 76.9755 76.0076 75.0406 74.0746 73.1095 72.1455 71.1825 70.2203 69.2586 68.2957 67.3269 66.3371 65.2804 64.014 62.0912 58.0517 60.0714 
90 89.5581 88.7306 87.5231 86.0016 84.2454 82.3221 80.2821 78.1616 75.9856 73.7721 71.5341 69.281 67.0202 64.7573 62.4971 60.2437 58.0004 55.7707 53.5575 51.3637 49.1924 47.0466 44.9292 42.8436 40.793 38.7808 36.8109 34.8869 33.0128 31.1928 29.431 27.7319 26.0997 24.5386 23.0529 21.6464 20.3227 19.0849 17.9354 16.8761 15.9079 15.0306 14.2433 13.5439 12.9292 12.3951 11.9365 11.5475 11.222 10.9531 10.7341 10.5583 10.4191 10.3105 10.2271 10.1642 10.1176 10.0841 10.0612 10.0478 10.044 10.0523 10.0789 10.1372 10.2524 10.472 10.8833 11.6428 13.0252 15.4932 19.7727 26.8522 37.675 52.1104 67.1764 77.3318 81.1732 81.766 81.2721 80.4611 79.5592 78.6311 77.6957 76.7586 75.8216 74.8851 73.9495 73.0147 72.0808 71.1476 70.2147 69.2806 68.3406 67.3801 66.3542 65.124 63.2548 59.3256 61.2902 
90 89.6389 88.9513 87.9248 86.6044 85.0546 83.336 81.4964 79.571 77.585 75.5564 73.4984 71.4206 69.3304 67.2333 65.1338 63.0358 60.9424 58.8565 56.7805 54.7169 52.6681 50.6364 48.624 46.6335 44.6671 42.7275 40.8174 38.9395 37.0968 35.2924 33.5295 31.8116 30.142 28.5244 26.9624 25.4597 24.0198 22.6464 21.3427 20.1119 18.9565 17.8788 16.8806 15.9626 15.1253 14.368 13.6894 13.087 12.5578 12.0979 11.7026 11.3669 11.0851 10.8517 10.6608 10.5067 10.3841 10.288 10.2142 10.1589 10.1197 10.0952 10.0861 10.0967 10.1369 10.2264 10.403 10.7362 11.3506 12.4647 14.4484 17.8934 23.6491 32.6739 45.3862 60.2458 72.6939 79.013 80.7986 80.7364 80.0824 79.25 78.3639 77.4617 76.5548 75.6469 74.7392 73.8321 72.9257 72.0199 71.1143 70.2075 69.2947 68.3619 67.3652 66.1695 64.3514 60.5279 62.4397 
90 89.7027 89.1279 88.2519 87.1023 85.7307 84.1904 82.5259 80.7714 78.952 77.086 75.1865 73.2634 71.3242 69.3745 67.4187 65.4605 63.5029 61.5484 59.5993 57.6578 55.7257 53.805 51.8974 50.0048 48.1291 46.2722 44.4361 42.6228 40.8346 39.0737 37.3426 35.6438 33.98 32.3538 30.7684 29.2265 27.7314 26.2861 24.8938 23.5576 22.2804 21.0653 19.9148 18.8313 17.8168 16.8728 16.0004 15.2 14.4713 13.8133 13.2244 12.7022 12.2437 11.8451 11.5024 11.211 10.966 10.7625 10.5957 10.461 10.3541 10.2715 10.2108 10.1713 10.1551 10.1688 10.2274 10.3601 10.6211 11.1082 11.9929 13.5672 16.3054 20.9162 28.2933 39.1421 52.9701 66.7096 75.7673 79.3629 80.0454 79.6627 78.9377 78.1053 77.2391 76.3624 75.4825 74.6021 73.7219 72.8421 71.9624 71.0813 70.1944 69.2878 68.3189 67.156 65.3868 61.6645 63.5256 
90 89.7536 89.2706 88.5206 87.5173 86.3006 84.9167 83.4067 81.8034 80.1315 78.4094 76.6506 74.865 73.0603 71.2421 69.415 67.5825 65.7476 63.9127 62.0799 60.2512 58.4281 56.6123 54.8053 53.0086 51.2237 49.452 47.6952 45.9546 44.2321 42.5293 40.848 39.1901 37.5577 35.9527 34.3775 32.8343 31.3257 29.854 28.4219 27.0321 25.6873 24.3902 23.1435 21.9498 20.8116 19.7313 18.711 17.7525 16.8571 16.0259 15.2595 14.5577 13.9199 13.345 12.8312 12.3759 11.9764 11.6293 11.3307 11.0767 10.8632 10.6862 10.542 10.4277 10.3416 10.284 10.2592 10.2779 10.3618 10.5526 10.9257 11.6139 12.8448 14.9925 18.6336 24.5536 33.5591 45.8294 59.7005 71.1238 77.1369 79.0487 79.144 78.6004 77.8467 77.0244 76.1795 75.3274 74.4732 73.6184 72.7633 71.9067 71.0443 70.1626 69.2201 68.0884 66.366 62.7406 64.5533 
90 89.7946 89.387 88.7429 87.8655 86.7845 85.5389 84.1662 82.6977 81.1575 79.564 77.9308 76.2683 74.584 72.8839 71.1724 69.4533 67.7295 66.0032 64.2766 62.5514 60.8291 59.1112 57.3989 55.6936 53.9964 52.3085 50.6311 48.9656 47.313 45.6748 44.0523 42.447 40.8602 39.2937 37.7491 36.2282 34.7328 33.2649 31.8264 30.4197 29.0467 27.71 26.4117 25.1542 23.94 22.7714 21.6507 20.5801 19.5616 18.5972 17.6885 16.8368 16.043 15.3078 14.6313 14.013 13.4522 12.9474 12.4968 12.0981 11.7485 11.445 11.1845 10.9638 10.7801 10.6314 10.5172 10.4399 10.4067 10.4337 10.5521 10.8192 11.3365 12.279 13.9373 16.7701 21.4382 28.7314 39.1938 52.2275 65.0373 73.7258 77.4969 78.4203 78.1972 77.5723 76.811 76.0035 75.1802 74.3515 73.5207 72.6877 71.8487 70.9908 70.0734 68.9715 67.2937 63.761 65.5274 
90 89.8279 89.4827 88.9281 88.1596 87.1979 86.0753 84.8255 83.478 82.0562 80.5784 79.0585 77.5067 75.9309 74.3373 72.7304 71.1139 69.4907 67.8633 66.2336 64.6033 62.9738 61.3465 59.7226 58.1031 56.489 54.8815 53.2814 51.6898 50.1076 48.5359 46.9758 45.4284 43.8947 42.376 40.8736 39.3888 37.923 36.4777 35.0545 33.655 32.281 30.9343 29.6167 28.3302 27.0769 25.8588 24.678 23.5366 22.4367 21.3802 20.3693 19.4057 18.4912 17.6271 16.8147 16.0549 15.3485 14.6955 14.0958 13.5488 13.0535 12.6084 12.2119 11.8618 11.5558 11.2919 11.0683 10.8843 10.7413 10.6441 10.6045 10.6454 10.8099 11.1746 11.8722 13.1254 15.2919 18.9088 24.6833 33.3052 44.8676 57.8617 68.8147 75.0251 77.3047 77.6515 77.2521 76.5872 75.8293 75.0386 74.2357 73.4271 72.6111 71.776 70.8827 69.8094 68.1743 64.7304 66.4523 
90 89.8552 89.5618 89.0833 88.4094 87.553 86.5403 85.4012 84.163 82.8485 81.4755 80.0581 78.6067 77.1294 75.6323 74.1203 72.597 71.0656 69.5283 67.9872 66.4439 64.8998 63.3562 61.8142 60.2747 58.7388 57.2072 55.6808 54.1605 52.647 51.1412 49.6439 48.156 46.6784 45.2119 43.7577 42.3167 40.89 39.4787 38.084 36.7072 35.3497 34.0127 32.6979 31.4068 30.1409 28.9021 27.6919 26.5122 25.3649 24.2518 23.1748 22.1357 21.1364 20.1785 19.2639 18.3938 17.5699 16.793 16.0643 15.3842 14.7531 14.171 13.6376 13.152 12.7134 12.3205 11.972 11.667 11.4048 11.1864 11.0155 10.9004 10.8582 10.9208 11.1455 11.6318 12.548 14.1685 16.9172 21.3912 28.287 38.071 50.2296 62.4133 71.2135 75.4942 76.8227 76.8288 76.3301 75.6477 74.8984 74.123 73.3329 72.5212 71.6515 70.6055 69.0114 65.6528 67.3321 
90 89.8777 89.6276 89.2141 88.6224 87.8594 86.9454 85.9064 84.7676 83.5507 82.2733 80.9494 79.5895 78.2019 76.7929 75.3675 73.9294 72.4817 71.0269 69.5669 68.1035 66.6381 65.1718 63.7057 62.2407 60.7776 59.3174 57.8606 56.4081 54.9604 53.5184 52.0826 50.6538 49.2327 47.8201 46.4166 45.0231 43.6404 42.2694 40.9111 39.5663 38.2362 36.9217 35.6241 34.3446 33.0844 31.8448 30.6273 29.4333 28.2643 27.1219 26.0077 24.9233 23.8704 22.8507 21.8658 20.9174 20.007 19.1362 18.3062 17.5184 16.7739 16.0734 15.4176 14.8069 14.2415 13.7213 13.2458 12.8147 12.4277 12.0846 11.7866 11.5363 11.3401 11.2108 11.1719 11.2659 11.567 12.2007 13.3742 15.4144 18.8039 24.1704 32.1262 42.7923 54.9779 65.7936 72.569 75.4669 76.1944 75.9954 75.4404 74.751 74.0063 73.225 72.3811 71.3627 69.8084 66.5319 68.1702 
90 89.8963 89.6827 89.3247 88.8049 88.1248 87.2997 86.3516 85.3036 84.1761 82.9864 81.7481 80.4722 79.1668 77.8386 76.4925 75.1324 73.7616 72.3826 70.9973 69.6075 68.2146 66.8197 65.4239 64.028 62.633 61.2394 59.8481 58.4595 57.0744 55.6933 54.3168 52.9455 51.5799 50.2207 48.8684 47.5238 46.1873 44.8598 43.542 42.2345 40.9383 39.6541 38.3828 37.1253 35.8827 34.656 33.4463 32.2546 31.0823 29.9306 28.8008 27.6943 26.6124 25.5567 24.5285 23.5295 22.5611 21.6248 20.722 19.8543 19.0228 18.2291 17.474 16.7588 16.0842 15.4508 14.8593 14.3099 13.8029 13.3385 12.9173 12.5403 12.21 11.9315 11.7142 11.5759 11.5478 11.6848 12.0798 12.8869 14.3536 16.857 20.9237 27.1716 36.0485 47.2369 58.9185 68.1124 73.2073 75.1528 75.4971 75.1706 74.578 73.8681 73.0655 72.0803 70.5669 67.371 68.969 
90 89.9119 89.7289 89.4187 88.9618 88.3556 87.6107 86.7455 85.7806 84.7354 83.6264 82.4672 81.2686 80.039 78.7851 77.5121 76.224 74.924 73.6148 72.2984 70.9765 69.6506 68.3219 66.9913 65.6597 64.328 62.9968 61.6667 60.3384 59.0123 57.6891 56.3691 55.053 53.7411 52.434 51.1321 49.8361 48.5463 47.2635 45.988 44.7206 43.4617 42.2122 40.9727 39.7439 38.5265 37.3214 36.1294 34.9515 33.7885 32.6416 31.5116 30.3997 29.3072 28.235 27.1846 26.1571 25.1539 24.1763 23.2256 22.3033 21.4107 20.5491 19.7198 18.924 18.163 17.4377 16.7493 16.0985 15.4861 14.9128 14.3793 13.8866 13.4359 13.0294 12.6714 12.3692 12.136 11.9951 11.9867 12.1791 12.6857 13.6907 15.4811 18.4775 23.2296 30.2978 39.8919 51.2148 61.9916 69.5795 73.3782 74.6745 74.765 74.3386 73.661 72.7417 71.2819 68.1721 69.727 
90 89.925 89.768 89.4988 89.0971 88.5567 87.8844 87.095 86.2066 85.2374 84.2031 83.117 81.99 80.8306 79.6456 78.4402 77.2186 75.9842 74.7395 73.4869 72.228 70.9642 69.6968 68.4268 67.1551 65.8824 64.6094 63.3368 62.065 60.7945 59.5259 58.2596 56.996 55.7355 54.4787 53.2258 51.9773 50.7336 49.4952 48.2626 47.0361 45.8164 44.6039 43.3991 42.2027 41.0151 39.8372 38.6694 37.5126 36.3675 35.2348 34.1153 33.01 31.9197 30.8455 29.7882 28.749 27.7289 26.7291 25.7507 24.7948 23.8628 22.9559 22.0752 21.2221 20.3976 19.6031 18.8397 18.1085 17.4105 16.7467 16.1182 15.5258 14.9707 14.4543 13.9789 13.5477 13.1668 12.8462 12.603 12.4669 12.4875 12.7478 13.3829 14.6065 16.7427 20.2446 25.6588 33.4402 43.5062 54.6042 64.2511 70.4125 73.2445 74.0788 73.9395 73.2545 71.9172 68.9334 70.4253 
90 89.936 89.8011 89.5673 89.214 88.7325 88.1259 87.4059 86.5882 85.6893 84.7244 83.7064 82.646 81.5519 80.4308 79.2882 78.1284 76.9548 75.7702 74.5768 73.3763 72.1703 70.96 69.7465 68.5305 67.313 66.0944 64.8755 63.6568 62.4386 61.2216 60.006 58.7923 57.5808 56.372 55.1661 53.9636 52.7647 51.57 50.3797 49.1942 48.0139 46.8392 45.6706 44.5086 43.3535 42.2059 41.0663 39.9353 38.8134 37.7012 36.5995 35.5088 34.4299 33.3636 32.3106 31.2719 30.2481 29.2404 28.2495 27.2766 26.3227 25.3887 24.4758 23.5852 22.7178 21.8749 21.0575 20.2669 19.5041 18.7702 18.0663 17.3934 16.7528 16.1456 15.5733 15.0378 14.5423 14.0913 13.6926 13.359 13.1121 12.9883 13.0474 13.3875 14.1653 15.6232 18.1163 22.1166 28.1389 36.4903 46.7704 57.3559 65.8076 70.7671 72.8335 73.1603 72.2852 69.6347 70.96 
90 89.9452 89.8292 89.6261 89.3154 88.8864 88.3394 87.6831 86.9307 86.0973 85.197 84.2425 83.2443 82.2111 81.1497 80.0657 78.9636 77.8467 76.718 75.5798 74.4338 73.2817 72.1246 70.9637 69.7999 68.6339 67.4663 66.2978 65.1288 63.9598 62.7913 61.6237 60.4572 59.2923 58.1292 56.9683 55.8099 54.6543 53.5018 52.3528 51.2075 50.0663 48.9295 47.7974 46.6705 45.5491 44.4335 43.3243 42.2219 41.1266 40.039 38.9596 37.889 36.8276 35.7761 34.7352 33.7054 32.6875 31.6822 30.6904 29.7126 28.75 27.8032 26.8732 25.9609 25.0674 24.1936 23.3405 22.5091 21.7006 20.9159 20.1561 19.4223 18.7155 18.037 17.3879 16.7696 16.1842 15.6339 15.1227 14.6566 14.245 13.9041 13.6599 13.5557 13.662 14.0921 15.0234 16.724 19.5726 24.0439 30.5929 39.3469 49.5926 59.4526 66.7042 70.5235 71.5183 70.1681 70.8432 
90 89.9531 89.8531 89.6765 89.4033 89.0214 88.5285 87.9306 87.2388 86.4663 85.6265 84.7314 83.7915 82.8154 81.8099 80.7808 79.7325 78.6687 77.5923 76.5057 75.4107 74.3089 73.2017 72.09 70.975 69.8572 68.7374 67.6161 66.494 65.3713 64.2486 63.1261 62.0043 60.8835 59.7639 58.6458 57.5296 56.4155 55.3037 54.1946 53.0884 51.9853 50.8857 49.7899 48.6981 47.6106 46.5279 45.4501 44.3776 43.3109 42.2503 41.1961 40.1489 39.1091 38.0771 37.0534 36.0386 35.0332 34.0377 33.0529 32.0794 31.1177 30.1687 29.2331 28.3115 27.405 26.5142 25.64 24.7834 23.9452 23.1264 22.328 21.5509 20.796 20.0646 19.3576 18.6762 18.0218 17.396 16.8009 16.2398 15.7171 15.2402 14.8208 14.4778 14.2423 14.1646 14.3256 14.8531 15.9441 17.8875 21.0761 25.9687 32.9325 41.8886 51.8243 60.7044 66.6465 70.0243 68.3354 
90 89.9598 89.8736 89.72 89.4797 89.1399 88.6962 88.152 87.5162 86.8006 86.0175 85.1783 84.2932 83.3707 82.4178 81.4402 80.4425 79.4285 78.4012 77.3629 76.3156 75.2611 74.2005 73.1351 72.0658 70.9933 69.9184 68.8416 67.7634 66.6843 65.6047 64.525 63.4454 62.3663 61.2879 60.2106 59.1346 58.0601 56.9873 55.9166 54.8481 53.7821 52.7187 51.6583 50.6011 49.5474 48.4973 47.4513 46.4094 45.3722 44.3398 43.3125 42.2908 41.275 40.2654 39.2624 38.2665 37.2781 36.2976 35.3256 34.3625 33.409 32.4654 31.5325 30.6109 29.7012 28.8042 27.9204 27.0507 26.1958 25.3565 24.5337 23.7282 22.9409 22.1726 21.4244 20.6971 19.992 19.3103 18.6533 18.0229 17.4216 16.853 16.3227 15.8393 15.4164 15.0764 14.855 14.8094 15.0306 15.6598 16.9099 19.0843 22.5768 27.8108 35.0615 44.1737 54.6075 67.4511 61.0293 
90 89.9655 89.8911 89.7575 89.5463 89.2441 88.845 88.3501 87.7665 87.104 86.3741 85.5875 84.754 83.8821 82.9787 82.0497 81.0997 80.1325 79.1513 78.1585 77.1562 76.146 75.1293 74.1073 73.081 72.0511 71.0184 69.9834 68.9467 67.9087 66.8698 65.8304 64.7907 63.7512 62.7119 61.6733 60.6355 59.5988 58.5633 57.5294 56.4971 55.4667 54.4384 53.4125 52.389 51.3683 50.3505 49.3359 48.3247 47.3171 46.3135 45.3139 44.3188 43.3284 42.343 41.3629 40.3885 39.42 38.458 37.5026 36.5545 35.6139 34.6813 33.7573 32.8422 31.9367 31.0413 30.1565 29.283 28.4214 27.5723 26.7365 25.9146 25.1074 24.3157 23.5402 22.7818 22.0415 21.3201 20.6187 19.9386 19.2814 18.649 18.0443 17.4716 16.9371 16.4509 16.0287 15.696 15.493 15.4837 15.7682 16.5007 17.9132 20.35 24.3313 30.7359 41.3827 60.4175 50.9001 
90 89.9703 89.9061 89.7899 89.6042 89.3358 88.9771 88.5276 87.9923 87.3796 86.6997 85.9627 85.178 84.3539 83.4973 82.6142 81.7092 80.7863 79.8486 78.8987 77.9387 76.9703 75.995 75.0139 74.0281 73.0384 72.0454 71.0499 70.0523 69.053 68.0526 67.0512 66.0494 65.0472 64.0451 63.0432 62.0418 61.041 60.0411 59.0423 58.0448 57.0486 56.0541 55.0614 54.0707 53.0821 52.0958 51.1121 50.1311 49.153 48.178 47.2064 46.2383 45.2741 44.3138 43.3578 42.4064 41.4598 40.5183 39.5822 38.6519 37.7277 36.8099 35.899 34.9953 34.0992 33.2112 32.3318 31.4614 30.6006 29.7498 28.9097 28.0808 27.2637 26.4591 25.6677 24.89 24.127 23.3793 22.6479 21.9335 21.2374 20.5608 19.9053 19.2733 18.6678 18.0936 17.5581 17.0724 16.6546 16.3332 16.1544 16.1935 16.5786 17.5436 19.5597 23.674 32.2989 50.471 41.385 
90 89.9745 89.919 89.8179 89.6548 89.4165 89.0945 88.6867 88.1963 87.6302 86.9974 86.3072 85.5688 84.79 83.9779 83.1383 82.2759 81.3949 80.4984 79.589 78.669 77.7401 76.8038 75.8614 74.9139 73.962 73.0067 72.0484 71.0877 70.1251 69.161 68.1958 67.2297 66.2631 65.2961 64.3291 63.3622 62.3957 61.4298 60.4645 59.5001 58.5368 57.5747 56.614 55.6549 54.6974 53.7417 52.7881 51.8367 50.8875 49.9409 48.997 48.056 47.118 46.1833 45.252 44.3244 43.4007 42.4812 41.566 40.6555 39.7499 38.8495 37.9546 37.0655 36.1826 35.3062 34.4367 33.5744 32.7199 31.8734 31.0355 30.2067 29.3874 28.5781 27.7795 26.992 26.2163 25.4531 24.7029 23.9665 23.2447 22.5385 21.8489 21.1772 20.5253 19.8955 19.2914 18.7184 18.1847 17.7037 17.2976 17.0059 16.9038 17.149 18.1001 20.6135 26.7175 40.7529 33.7352 
90 89.9781 89.9302 89.8421 89.699 89.4876 89.199 88.8296 88.381 87.8586 87.2702 86.6245 85.9299 85.1943 84.4245 83.6262 82.8045 81.9633 81.1059 80.235 79.353 78.4615 77.5623 76.6565 75.7452 74.8293 73.9096 72.9866 72.061 71.1331 70.2035 69.2725 68.3404 67.4075 66.474 65.5402 64.6063 63.6724 62.7388 61.8056 60.873 59.9412 59.0102 58.0803 57.1515 56.2241 55.2981 54.3737 53.451 52.5302 51.6115 50.6948 49.7806 48.8687 47.9596 47.0532 46.1498 45.2496 44.3527 43.4594 42.5699 41.6843 40.803 39.9261 39.0539 38.1868 37.3249 36.4685 35.6181 34.7738 33.9361 33.1053 32.2818 31.466 30.6583 29.8592 29.069 28.2884 27.5179 26.7579 26.009 25.2719 24.5473 23.8358 23.1385 22.4564 21.7909 21.1439 20.5182 19.9178 19.3495 18.8249 18.3663 18.0199 17.8893 18.2213 19.6145 23.4994 33.0372 28.2683 
90 89.9811 89.9398 89.8633 89.7378 89.5506 89.2923 88.9582 88.5485 88.0673 87.521 86.9176 86.2649 85.5705 84.8411 84.0825 83.2995 82.4963 81.6763 80.8422 79.9963 79.1407 78.2767 77.4058 76.529 75.6473 74.7615 73.8721 72.9798 72.0851 71.1884 70.29 69.3903 68.4895 67.5879 66.6858 65.7833 64.8807 63.9781 63.0757 62.1735 61.2719 60.3709 59.4706 58.5712 57.6727 56.7754 55.8794 54.9847 54.0915 53.1999 52.3101 51.4221 50.5362 49.6524 48.7708 47.8917 47.0152 46.1414 45.2705 44.4026 43.538 42.6769 41.8193 40.9656 40.116 39.2706 38.4298 37.5937 36.7626 35.9368 35.1167 34.3024 33.4944 32.6929 31.8983 31.1111 30.3315 29.56 28.797 28.0431 27.2986 26.5642 25.8403 25.1277 24.427 23.7393 23.0655 22.4073 21.7669 21.148 20.557 20.0072 19.527 19.182 19.1294 19.7492 21.944 27.7379 24.8409 
90 89.9838 89.9481 89.8817 89.7718 89.6063 89.3756 89.0742 88.7008 88.2582 87.7519 87.1888 86.5762 85.9214 85.2308 84.5102 83.7645 82.9978 82.2136 81.4147 80.6035 79.782 78.9518 78.1142 77.2705 76.4215 75.568 74.7108 73.8503 72.9872 72.1219 71.2547 70.3859 69.5159 68.6449 67.7731 66.9007 66.028 65.1551 64.2822 63.4093 62.5367 61.6645 60.7928 59.9217 59.0513 58.1818 57.3132 56.4457 55.5794 54.7144 53.8507 52.9886 52.128 51.2693 50.4123 49.5573 48.7045 47.8538 47.0056 46.1598 45.3167 44.4763 43.639 42.8047 41.9738 41.1463 40.3226 39.5027 38.6869 37.8754 37.0684 36.2662 35.4691 34.6773 33.8911 33.1108 32.3367 31.5692 30.8086 30.0552 29.3096 28.5719 27.8429 27.1228 26.4122 25.7119 25.0224 24.3448 23.6804 23.0314 22.4016 21.7988 21.2402 20.7652 20.467 20.5652 21.567 24.5856 23.0763 
90 89.9861 89.9553 89.8977 89.8017 89.6557 89.4501 89.1787 88.8392 88.4331 87.9647 87.4401 86.866 86.2492 85.5959 84.9119 84.2021 83.4705 82.7208 81.9557 81.1779 80.3892 79.5913 78.7857 77.9736 77.1559 76.3334 75.507 74.6771 73.8442 73.009 72.1716 71.3325 70.4919 69.6502 68.8075 67.9641 67.1201 66.2757 65.4311 64.5864 63.7417 62.8973 62.0531 61.2093 60.366 59.5234 58.6814 57.8403 57.0001 56.1609 55.3228 54.4859 53.6503 52.8161 51.9834 51.1523 50.323 49.4954 48.6697 47.8461 47.0247 46.2056 45.3888 44.5747 43.7632 42.9546 42.149 41.3465 40.5474 39.7518 38.9599 38.1719 37.388 36.6084 35.8334 35.0632 34.298 33.5381 32.7838 32.0354 31.2932 30.5575 29.8287 29.1072 28.3933 27.6875 26.9904 26.3025 25.6248 24.9585 24.306 23.6719 23.066 22.5103 22.0544 21.8082 22.0045 23.0916 22.5481 
90 89.9881 89.9616 89.9117 89.8279 89.6993 89.5165 89.2727 88.9647 88.5929 88.1605 87.6726 87.1353 86.555 85.9377 85.289 84.6137 83.916 83.1994 82.4669 81.721 80.9638 80.1971 79.4222 78.6403 77.8526 77.0599 76.2629 75.4622 74.6584 73.8519 73.0431 72.2324 71.4201 70.6064 69.7916 68.9759 68.1594 67.3424 66.525 65.7074 64.8896 64.0718 63.2541 62.4367 61.6196 60.8029 59.9867 59.1711 58.3561 57.542 56.7287 55.9164 55.1051 54.295 53.486 52.6784 51.8721 51.0673 50.2641 49.4626 48.6628 47.8649 47.069 46.2752 45.4836 44.6943 43.9075 43.1233 42.3418 41.5631 40.7875 40.0151 39.2461 38.4805 37.7187 36.9608 36.207 35.4575 34.7125 33.9723 33.2372 32.5073 31.783 31.0645 30.3523 29.6465 28.9476 28.2562 27.5726 26.8978 26.2332 25.5814 24.9474 24.3419 23.7859 23.317 22.9849 22.7795 22.8822 
90 89.9898 89.967 89.9238 89.8508 89.7378 89.5756 89.3571 89.0783 88.7386 88.3401 87.8872 87.3852 86.84 86.2573 85.6426 85.0006 84.3354 83.6508 82.9497 82.2346 81.5077 80.7707 80.0253 79.2726 78.5136 77.7494 76.9806 76.2079 75.4319 74.6529 73.8715 73.088 72.3027 71.5159 70.7278 69.9387 69.1486 68.3579 67.5666 66.7749 65.9829 65.1908 64.3986 63.6065 62.8145 62.0228 61.2314 60.4405 59.65 58.8602 58.0709 57.2825 56.4948 55.708 54.9223 54.1375 53.3539 52.5714 51.7903 51.0105 50.2322 49.4554 48.6802 47.9068 47.1351 46.3654 45.5977 44.8321 44.0688 43.3078 42.5493 41.7935 41.0403 40.2901 39.5428 38.7988 38.0581 37.321 36.5875 35.858 35.1325 34.4113 33.6946 32.9827 32.2758 31.5742 30.8781 30.1879 29.504 28.8269 28.1575 27.497 26.8476 26.2126 25.5945 24.9842 24.3122 23.2633 23.7878 
90 89.9912 89.9717 89.9344 89.8709 89.7718 89.6282 89.4329 89.1812 88.8717 88.5054 88.0859 87.6178 87.1064 86.5571 85.9753 85.3655 84.7319 84.0782 83.4074 82.722 82.0244 81.3162 80.5992 79.8745 79.1433 78.4065 77.6649 76.9191 76.1698 75.4174 74.6624 73.905 73.1457 72.3848 71.6224 70.8587 70.0941 69.3287 68.5625 67.7958 67.0287 66.2613 65.4937 64.726 63.9584 63.1908 62.4235 61.6563 60.8896 60.1232 59.3574 58.5921 57.8274 57.0634 56.3002 55.5379 54.7764 54.0159 53.2564 52.4981 51.7409 50.985 50.2304 49.4773 48.7256 47.9755 47.2271 46.4804 45.7355 44.9926 44.2517 43.513 42.7765 42.0424 41.3108 40.5818 39.8556 39.1322 38.4118 37.6947 36.9808 36.2705 35.5638 34.8611 34.1623 33.4679 32.7779 32.0927 31.4125 30.7377 30.0687 29.406 28.7499 28.0988 27.4435 26.745 25.8574 24.2662 25.0618 
90 89.9925 89.9757 89.9437 89.8886 89.8019 89.6752 89.5011 89.2746 88.9933 88.6577 88.27 87.8345 87.3557 86.8389 86.289 85.7105 85.1076 84.4839 83.8425 83.1861 82.5168 81.8366 81.147 80.4495 79.7451 79.0348 78.3194 77.5997 76.8762 76.1494 75.4198 74.6877 73.9535 73.2174 72.4798 71.7409 71.0008 70.2597 69.5179 68.7753 68.0322 67.2887 66.5449 65.8009 65.0568 64.3126 63.5685 62.8245 62.0808 61.3373 60.5941 59.8514 59.1091 58.3673 57.6262 56.8857 56.1459 55.4069 54.6687 53.9314 53.1951 52.4599 51.7257 50.9926 50.2608 49.5303 48.8011 48.0734 47.3472 46.6226 45.8997 45.1785 44.4592 43.7418 43.0265 42.3134 41.6024 40.8939 40.1878 39.4843 38.7836 38.0857 37.3908 36.6991 36.0107 35.3258 34.6445 33.967 33.2936 32.6245 31.9597 31.2994 30.6426 29.9847 29.309 28.5574 27.5356 25.6019 26.5687 
90 89.9936 89.9793 89.9517 89.9041 89.8285 89.717 89.5623 89.3592 89.1045 88.7978 88.4407 88.0364 87.5893 87.1039 86.5851 86.0371 85.4641 84.8697 84.257 83.6286 82.9869 82.3339 81.671 80.9998 80.3214 79.6369 78.9469 78.2524 77.5538 76.8518 76.1468 75.4391 74.7292 74.0173 73.3037 72.5886 71.8722 71.1548 70.4364 69.7172 68.9974 68.2771 67.5563 66.8352 66.1139 65.3924 64.6709 63.9494 63.2279 62.5066 61.7856 61.0648 60.3443 59.6242 58.9046 58.1855 57.4669 56.7489 56.0317 55.3151 54.5993 53.8843 53.1703 52.4571 51.745 51.0339 50.324 49.6152 48.9077 48.2015 47.4967 46.7933 46.0914 45.3912 44.6926 43.9958 43.3009 42.6079 41.9169 41.2281 40.5415 39.8573 39.1755 38.4963 37.8198 37.1461 36.4754 35.8078 35.1435 34.4825 33.825 33.1705 32.5173 31.859 31.1741 30.3928 29.2904 27.1461 28.2183 
90 89.9946 89.9824 89.9587 89.9176 89.852 89.7542 89.6173 89.4357 89.2059 88.9266 88.5986 88.2245 87.808 87.3532 86.8646 86.3464 85.8026 85.2368 84.6521 84.0511 83.4364 82.8097 82.1729 81.5273 80.8742 80.2146 79.5494 78.8793 78.205 77.527 76.8458 76.1618 75.4754 74.7869 74.0965 73.4046 72.7112 72.0166 71.321 70.6245 69.9272 69.2293 68.5309 67.832 67.1328 66.4334 65.7338 65.0341 64.3344 63.6347 62.9351 62.2357 61.5365 60.8376 60.1389 59.4407 58.7429 58.0455 57.3487 56.6524 55.9568 55.2618 54.5676 53.8741 53.1814 52.4896 51.7987 51.1087 50.4198 49.732 49.0453 48.3598 47.6756 46.9927 46.3112 45.6311 44.9525 44.2756 43.6003 42.9268 42.2551 41.5853 40.9176 40.252 39.5886 38.9275 38.2688 37.6126 36.9591 36.3083 35.6601 35.0139 34.3675 33.7134 33.0271 32.2315 31.0841 28.8165 29.9503 
90 89.9954 89.985 89.9648 89.9295 89.8727 89.7872 89.6665 89.5049 89.2983 89.0448 88.7446 88.3995 88.0126 87.5875 87.1284 86.6393 86.124 85.5862 85.0288 84.4547 83.8663 83.2654 82.654 82.0334 81.4049 80.7696 80.1284 79.4821 78.8313 78.1767 77.5187 76.8577 76.1941 75.5283 74.8604 74.1909 73.5198 72.8475 72.1739 71.4994 70.824 70.1479 69.4711 68.7939 68.1162 67.4382 66.7599 66.0814 65.4028 64.7241 64.0454 63.3668 62.6884 62.01 61.3319 60.654 59.9765 59.2993 58.6225 57.9461 57.2703 56.5949 55.9201 55.246 54.5725 53.8997 53.2276 52.5563 51.8859 51.2164 50.5478 49.8801 49.2135 48.548 47.8837 47.2205 46.5586 45.898 45.2388 44.581 43.9247 43.2701 42.617 41.9657 41.3163 40.6687 40.0231 39.3795 38.7381 38.0989 37.4617 36.8257 36.1884 35.5416 34.8592 34.0599 32.8909 30.5583 31.7246 
90 89.9961 89.9873 89.9701 89.9399 89.8908 89.8165 89.7105 89.5671 89.3821 89.1531 88.8793 88.562 88.2036 87.8074 87.377 86.9164 86.4291 85.9186 85.3881 84.8403 84.2775 83.702 83.1153 82.5191 81.9147 81.3031 80.6853 80.0621 79.4343 78.8023 78.1668 77.5282 76.8868 76.243 75.5971 74.9493 74.2999 73.6491 72.997 72.3438 71.6897 71.0347 70.379 69.7227 69.0659 68.4087 67.7511 67.0933 66.4352 65.777 65.1187 64.4604 63.8021 63.1439 62.4857 61.8278 61.17 60.5125 59.8553 59.1984 58.5419 57.8858 57.2301 56.575 55.9203 55.2662 54.6128 53.9599 53.3078 52.6563 52.0057 51.3558 50.7068 50.0586 49.4115 48.7653 48.1201 47.476 46.8331 46.1913 45.5508 44.9116 44.2737 43.6373 43.0024 42.369 41.7372 41.1071 40.4788 39.8522 39.2271 38.6027 37.9763 37.3391 36.6643 35.8683 34.6936 32.3348 33.5142 
90 89.9967 89.9893 89.9747 89.9489 89.9067 89.8423 89.7496 89.623 89.4581 89.2519 89.0032 88.7126 88.3817 88.0135 87.6112 87.1783 86.7184 86.2348 85.7306 85.2085 84.671 84.1202 83.5578 82.9854 82.4045 81.816 81.2211 80.6205 80.015 79.4052 78.7916 78.1747 77.5548 76.9325 76.3079 75.6813 75.0529 74.423 73.7918 73.1593 72.5258 71.8914 71.2562 70.6203 69.9838 69.3468 68.7094 68.0716 67.4335 66.7952 66.1568 65.5182 64.8796 64.2409 63.6023 62.9637 62.3253 61.687 61.049 60.4111 59.7736 59.1363 58.4994 57.8628 57.2267 56.591 55.9558 55.3211 54.687 54.0535 53.4205 52.7882 52.1567 51.5258 50.8957 50.2665 49.6381 49.0105 48.3839 47.7583 47.1337 46.5102 45.8878 45.2666 44.6466 44.0278 43.4104 42.7944 42.1798 41.5666 40.9545 40.3427 39.7283 39.1025 38.4377 37.65 36.4803 34.1215 35.3009 
90 89.9972 89.991 89.9787 89.9567 89.9206 89.865 89.7843 89.673 89.5266 89.3418 89.1168 88.8516 88.5474 88.2062 87.8312 87.4255 86.9924 86.5352 86.0568 85.56 85.0473 84.5207 83.9821 83.4331 82.8751 82.3093 81.7367 81.1581 80.5744 79.9862 79.3939 78.7982 78.1994 77.5979 76.994 76.388 75.7801 75.1706 74.5596 73.9473 73.3339 72.7195 72.1042 71.4881 70.8714 70.254 69.6362 69.0179 68.3993 67.7804 67.1612 66.5419 65.9224 65.3028 64.6832 64.0636 63.444 62.8245 62.2051 61.5859 60.9669 60.348 59.7295 59.1112 58.4932 57.8756 57.2583 56.6415 56.0251 55.4091 54.7937 54.1788 53.5645 52.9507 52.3376 51.7251 51.1134 50.5024 49.8921 49.2827 48.674 48.0663 47.4595 46.8537 46.2488 45.6451 45.0424 44.4408 43.8404 43.2411 42.6426 42.0441 41.4426 40.8292 40.1764 39.4002 38.2426 35.9016 37.0721 
90 89.9977 89.9924 89.9821 89.9635 89.9327 89.8849 89.815 89.7176 89.5882 89.4233 89.2207 88.9797 88.7009 88.3861 88.0376 87.6584 87.2516 86.8202 86.3672 85.8953 85.4069 84.9041 84.3889 83.8628 83.3274 82.7837 82.2329 81.6759 81.1134 80.5462 79.9748 79.3997 78.8214 78.2402 77.6565 77.0705 76.4826 75.8928 75.3016 74.7089 74.115 73.5201 72.9241 72.3273 71.7298 71.1316 70.5328 69.9335 69.3338 68.7338 68.1334 67.5328 66.932 66.331 65.7299 65.1287 64.5275 63.9264 63.3252 62.7242 62.1232 61.5224 60.9218 60.3214 59.7212 59.1212 58.5216 57.9222 57.3232 56.7246 56.1264 55.5286 54.9313 54.3344 53.7381 53.1423 52.547 51.9524 51.3584 50.765 50.1724 49.5804 48.9892 48.3989 47.8093 47.2206 46.6328 46.0459 45.46 44.8749 44.2905 43.7057 43.1177 42.5175 41.8779 41.1155 39.9751 37.6639 38.8195 
90 89.9981 89.9937 89.985 89.9693 89.9432 89.9023 89.842 89.7572 89.6434 89.497 89.3153 89.0973 88.8429 88.5534 88.2307 87.8774 87.4963 87.0903 86.6623 86.2148 85.7503 85.271 84.7787 84.2751 83.7617 83.2398 82.7104 82.1744 81.6328 81.0861 80.5351 79.9801 79.4217 78.8604 78.2963 77.7298 77.1613 76.5909 76.0188 75.4452 74.8703 74.2943 73.7172 73.1392 72.5603 71.9807 71.4005 70.8197 70.2384 69.6567 69.0746 68.4922 67.9096 67.3267 66.7437 66.1605 65.5772 64.9939 64.4106 63.8273 63.244 62.6608 62.0777 61.4947 60.9119 60.3293 59.7468 59.1647 58.5828 58.0011 57.4198 56.8388 56.2582 55.678 55.0982 54.5188 53.9399 53.3614 52.7835 52.2061 51.6293 51.0531 50.4775 49.9025 49.3282 48.7547 48.1819 47.6098 47.0385 46.4679 45.8976 45.3269 44.7528 44.1664 43.5408 42.7938 41.6738 39.4006 40.5372 
90 89.9984 89.9948 89.9875 89.9743 89.9523 89.9175 89.8656 89.7921 89.6926 89.5632 89.4012 89.2048 88.9737 88.7086 88.4108 88.0827 87.7268 87.3458 86.9422 86.5188 86.0779 85.6216 85.1519 84.6704 84.1787 83.6781 83.1697 82.6544 82.1331 81.6065 81.0754 80.5401 80.0012 79.4591 78.9142 78.3668 77.8172 77.2656 76.7122 76.1572 75.6008 75.0432 74.4844 73.9246 73.3639 72.8025 72.2403 71.6775 71.1142 70.5503 69.986 69.4214 68.8564 68.2912 67.7257 67.1601 66.5943 66.0284 65.4624 64.8964 64.3303 63.7643 63.1983 62.6324 62.0666 61.5009 60.9353 60.3699 59.8048 59.2398 58.675 58.1106 57.5464 56.9825 56.4189 55.8557 55.2928 54.7304 54.1683 53.6067 53.0456 52.4849 51.9248 51.3652 50.8061 50.2476 49.6898 49.1325 48.5759 48.0198 47.4639 46.9074 46.3474 45.7751 45.1641 44.4334 43.3362 41.1065 42.2213 
90 89.9987 89.9957 89.9896 89.9786 89.96 89.9306 89.8863 89.8229 89.7363 89.6225 89.4787 89.3028 89.0938 88.852 88.5784 88.2749 87.9435 87.5869 87.2075 86.8077 86.39 85.9564 85.5089 85.0492 84.5789 84.0992 83.6113 83.1163 82.615 82.1081 81.5964 81.0803 80.5605 80.0373 79.5111 78.9823 78.4511 77.9177 77.3826 76.8457 76.3073 75.7676 75.2267 74.6847 74.1417 73.5979 73.0533 72.508 71.9621 71.4156 70.8687 70.3213 69.7736 69.2255 68.6772 68.1286 67.5798 67.0309 66.4818 65.9326 65.3834 64.8341 64.2849 63.7356 63.1864 62.6372 62.0881 61.5392 60.9903 60.4417 59.8931 59.3448 58.7967 58.2489 57.7013 57.1539 56.6069 56.0601 55.5137 54.9677 54.422 53.8767 53.3319 52.7874 52.2435 51.6999 51.1569 50.6144 50.0724 49.5308 48.9894 48.4471 47.9013 47.3433 46.7471 46.0335 44.9605 42.7781 43.8693 
90 89.9989 89.9964 89.9914 89.9823 89.9667 89.9419 89.9042 89.8499 89.7748 89.6754 89.5484 89.3916 89.2035 88.9841 88.7338 88.454 88.1467 87.814 87.4582 87.0818 86.6869 86.2757 85.8501 85.4119 84.9625 84.5034 84.0358 83.5606 83.0789 82.5913 82.0986 81.6014 81.1002 80.5954 80.0875 79.5768 79.0636 78.5481 78.0307 77.5115 76.9907 76.4684 75.9449 75.4202 74.8944 74.3678 73.8403 73.312 72.7831 72.2536 71.7235 71.193 70.662 70.1307 69.599 69.067 68.5348 68.0024 67.4699 66.9371 66.4043 65.8713 65.3384 64.8053 64.2723 63.7393 63.2063 62.6734 62.1405 61.6078 61.0752 60.5427 60.0103 59.4782 58.9462 58.4144 57.8829 57.3516 56.8206 56.2898 55.7594 55.2292 54.6994 54.17 53.6409 53.1122 52.5839 52.056 51.5285 51.0013 50.4742 49.9462 49.4146 48.8709 48.2898 47.5935 46.5457 44.4131 45.4794 
90 89.9991 89.9971 89.9929 89.9854 89.9724 89.9515 89.9197 89.8733 89.8088 89.7223 89.6108 89.4717 89.3034 89.1052 88.8773 88.6205 88.3365 88.0272 87.6947 87.3412 86.9688 86.5797 86.1757 85.7586 85.33 84.8912 84.4435 83.9878 83.5253 83.0567 82.5827 82.1039 81.6209 81.1342 80.6441 80.1511 79.6555 79.1575 78.6573 78.1553 77.6516 77.1464 76.6398 76.1319 75.623 75.113 74.6022 74.0905 73.5782 73.0651 72.5515 72.0373 71.5227 71.0076 70.4922 69.9764 69.4604 68.9441 68.4275 67.9108 67.394 66.8769 66.3598 65.8427 65.3254 64.8082 64.2909 63.7736 63.2564 62.7392 62.2221 61.705 61.1881 60.6713 60.1547 59.6381 59.1218 58.6057 58.0897 57.574 57.0585 56.5432 56.0282 55.5135 54.9991 54.485 53.9713 53.4578 52.9447 52.4318 51.9189 51.405 50.8875 50.3582 49.7921 49.1134 48.0913 46.0098 47.0506 
90 89.9993 89.9976 89.9942 89.988 89.9772 89.9598 89.933 89.8937 89.8384 89.7637 89.6664 89.5437 89.3939 89.2158 89.0093 88.7747 88.5134 88.2269 87.9172 87.5862 87.236 86.8687 86.486 86.0898 85.6816 85.2628 84.8347 84.3983 83.9547 83.5047 83.049 82.5883 82.1232 81.6541 81.1815 80.7058 80.2273 79.7463 79.2631 78.7779 78.2909 77.8022 77.3121 76.8207 76.3281 75.8345 75.3398 74.8443 74.3481 73.8511 73.3534 72.8552 72.3565 71.8573 71.3577 70.8577 70.3573 69.8567 69.3558 68.8547 68.3534 67.8519 67.3503 66.8485 66.3467 65.8448 65.3428 64.8408 64.3388 63.8368 63.3349 62.8329 62.3311 61.8293 61.3276 60.826 60.3245 59.8232 59.322 58.821 58.3202 57.8195 57.3191 56.8189 56.3189 55.8192 55.3197 54.8205 54.3216 53.8228 53.3239 52.824 52.3205 51.8054 51.2542 50.5932 49.597 47.5676 48.5823 
90 89.9994 89.998 89.9953 89.9902 89.9813 89.9669 89.9445 89.9113 89.8642 89.8 89.7155 89.6081 89.4755 89.3164 89.1301 88.9169 88.6776 88.4134 88.1259 87.817 87.4887 87.1429 86.7813 86.4057 86.0176 85.6186 85.2098 84.7924 84.3674 83.9357 83.498 83.055 82.6074 82.1556 81.7002 81.2414 80.7797 80.3153 79.8486 79.3798 78.9091 78.4366 77.9626 77.4872 77.0106 76.5328 76.054 75.5742 75.0936 74.6123 74.1302 73.6475 73.1643 72.6805 72.1963 71.7116 71.2266 70.7412 70.2556 69.7696 69.2835 68.7971 68.3106 67.8239 67.337 66.8501 66.3631 65.876 65.3888 64.9017 64.4145 63.9273 63.4401 62.953 62.466 61.9789 61.492 61.0052 60.5185 60.0319 59.5454 59.0591 58.5729 58.0869 57.6011 57.1155 56.63 56.1448 55.6598 55.1749 54.6898 54.2037 53.7141 53.213 52.6767 52.0333 51.0631 49.0859 50.0745 
90 89.9995 89.9984 89.9962 89.992 89.9847 89.9728 89.9542 89.9264 89.8865 89.8317 89.7589 89.6653 89.5486 89.4073 89.2403 89.0475 88.8293 88.5867 88.321 88.0339 87.7271 87.4024 87.0616 86.7064 86.3383 85.9587 85.569 85.1703 84.7637 84.35 83.93 83.5045 83.0741 82.6393 82.2006 81.7584 81.3131 80.8651 80.4145 79.9617 79.5068 79.0502 78.5919 78.1321 77.671 77.2087 76.7453 76.2809 75.8156 75.3494 74.8825 74.415 73.9468 73.478 73.0088 72.5391 72.069 71.5985 71.1277 70.6565 70.1851 69.7135 69.2416 68.7696 68.2974 67.825 67.3526 66.88 66.4073 65.9346 65.4618 64.9891 64.5162 64.0434 63.5706 63.0979 62.6251 62.1525 61.6799 61.2074 60.7349 60.2626 59.7904 59.3183 58.8464 58.3746 57.903 57.4315 56.9602 56.4889 56.0174 55.5449 55.0688 54.5816 54.06 53.434 52.4897 50.5647 51.5272 
90 89.9996 89.9987 89.9969 89.9935 89.9876 89.9778 89.9624 89.9392 89.9057 89.8592 89.7968 89.7158 89.6138 89.489 89.3402 89.1669 88.969 88.7473 88.5028 88.237 87.9513 87.6475 87.3272 86.9921 86.6437 86.2834 85.9126 85.5324 85.1439 84.7479 84.3454 83.9371 83.5236 83.1055 82.6832 82.2573 81.8281 81.396 80.9612 80.524 80.0847 79.6435 79.2006 78.756 78.3101 77.8629 77.4145 76.965 76.5146 76.0633 75.6112 75.1583 74.7048 74.2507 73.7961 73.3409 72.8853 72.4293 71.9729 71.5162 71.0592 70.6019 70.1443 69.6866 69.2286 68.7704 68.3122 67.8537 67.3952 66.9366 66.4779 66.0191 65.5603 65.1014 64.6425 64.1837 63.7248 63.266 62.8072 62.3484 61.8897 61.4311 60.9725 60.5141 60.0557 59.5975 59.1393 58.6813 58.2234 57.7655 57.3073 56.8482 56.3855 55.9119 55.4048 54.796 53.8773 52.0041 52.9407 
90 89.9997 89.999 89.9975 89.9948 89.99 89.982 89.9693 89.9501 89.9222 89.8829 89.8298 89.7601 89.6716 89.5621 89.4303 89.2754 89.097 88.8954 88.6716 88.4265 88.1615 87.8782 87.5782 87.263 86.9341 86.5929 86.2408 85.8788 85.5082 85.1298 84.7445 84.3531 83.9563 83.5545 83.1485 82.7385 82.3251 81.9086 81.4892 81.0674 80.6433 80.2172 79.7892 79.3596 78.9284 78.4959 78.0621 77.6272 77.1913 76.7545 76.3168 75.8783 75.4391 74.9993 74.5588 74.1179 73.6764 73.2345 72.7922 72.3495 71.9064 71.4631 71.0195 70.5756 70.1315 69.6872 69.2427 68.7981 68.3533 67.9084 67.4634 67.0183 66.5731 66.1279 65.6826 65.2373 64.7919 64.3466 63.9012 63.4559 63.0106 62.5654 62.1201 61.675 61.2299 60.7849 60.34 59.8951 59.4503 59.0055 58.5604 58.1143 57.6648 57.2045 56.7117 56.1199 55.2265 53.4045 54.3155 
90 89.9998 89.9992 89.998 89.9958 89.9919 89.9855 89.9751 89.9593 89.9361 89.9033 89.8583 89.7988 89.7225 89.6271 89.5112 89.3735 89.2136 89.0314 88.8275 88.6026 88.3579 88.0949 87.8148 87.5193 87.2096 86.8874 86.5537 86.2098 85.8569 85.4959 85.1276 84.7529 84.3724 83.9868 83.5966 83.2024 82.8045 82.4032 81.9991 81.5922 81.183 80.7716 80.3583 79.9432 79.5265 79.1084 78.6889 78.2682 77.8465 77.4237 77.0001 76.5756 76.1503 75.7244 75.2978 74.8706 74.4429 74.0147 73.5861 73.1571 72.7277 72.2979 71.8679 71.4375 71.0069 70.5761 70.1451 69.7138 69.2825 68.8509 68.4193 67.9875 67.5556 67.1236 66.6916 66.2595 65.8273 65.3951 64.9629 64.5307 64.0985 63.6663 63.2341 62.8019 62.3698 61.9377 61.5057 61.0737 60.6418 60.2098 59.7775 59.3442 58.9075 58.4603 57.9815 57.4063 56.5378 54.7663 55.6521 
90 89.9998 89.9994 89.9984 89.9967 89.9936 89.9883 89.9799 89.967 89.9479 89.9206 89.8828 89.8324 89.767 89.6845 89.5832 89.4617 89.3193 89.1556 88.9708 88.7656 88.5408 88.2975 88.0371 87.761 87.4704 87.1668 86.8515 86.5256 86.1902 85.8463 85.4948 85.1366 84.7723 84.4026 84.0281 83.6493 83.2666 82.8804 82.4911 82.099 81.7043 81.3074 80.9084 80.5075 80.105 79.7009 79.2953 78.8886 78.4806 78.0716 77.6616 77.2508 76.8391 76.4267 76.0136 75.5999 75.1856 74.7708 74.3555 73.9397 73.5236 73.1071 72.6902 72.2731 71.8556 71.4379 71.02 70.6019 70.1835 69.765 69.3463 68.9275 68.5086 68.0895 67.6704 67.2511 66.8318 66.4125 65.9931 65.5736 65.1542 64.7347 64.3152 63.8957 63.4763 63.0568 62.6374 62.218 61.7986 61.3791 60.9593 60.5385 60.1144 59.6801 59.2149 58.656 57.812 56.0902 56.9511 
90 89.9998 89.9995 89.9988 89.9974 89.9949 89.9907 89.9839 89.9734 89.9578 89.9352 89.9038 89.8613 89.8057 89.7349 89.647 89.5405 89.4145 89.2684 89.102 88.9157 88.7102 88.4863 88.2452 87.9882 87.7165 87.4315 87.1343 86.8261 86.5081 86.1812 85.8464 85.5045 85.1562 84.8022 84.4432 84.0796 83.7119 83.3405 82.9658 82.5881 82.2077 81.8249 81.44 81.053 80.6643 80.2739 79.882 79.4888 79.0943 78.6987 78.3021 77.9045 77.5061 77.1068 76.7069 76.3063 75.9051 75.5033 75.101 74.6982 74.295 73.8914 73.4874 73.0831 72.6784 72.2735 71.8683 71.4629 71.0573 70.6514 70.2454 69.8392 69.4329 69.0264 68.6198 68.2131 67.8064 67.3995 66.9926 66.5856 66.1786 65.7715 65.3644 64.9573 64.5501 64.143 63.7359 63.3287 62.9216 62.5143 62.1068 61.6982 61.2863 60.8646 60.4128 59.8699 59.0499 57.3769 58.2134 
90 89.9999 89.9996 89.999 89.9979 89.996 89.9926 89.9872 89.9787 89.966 89.9475 89.9215 89.886 89.8391 89.7787 89.703 89.6105 89.4998 89.3702 89.2214 89.0533 88.8664 88.6615 88.4394 88.2012 87.9481 87.6814 87.4022 87.1116 86.8108 86.5008 86.1825 85.8568 85.5243 85.1859 84.8421 84.4935 84.1405 83.7837 83.4234 83.0599 82.6935 82.3246 81.9534 81.5801 81.2049 80.8279 80.4493 80.0693 79.688 79.3055 78.922 78.5374 78.1519 77.7655 77.3784 76.9905 76.602 76.2129 75.8233 75.4331 75.0425 74.6514 74.26 73.8681 73.476 73.0835 72.6907 72.2977 71.9044 71.5109 71.1172 70.7234 70.3293 69.9351 69.5407 69.1463 68.7517 68.357 67.9622 67.5674 67.1724 66.7775 66.3824 65.9874 65.5923 65.1971 64.802 64.4068 64.0116 63.6163 63.2207 62.824 62.4242 62.0147 61.576 61.0487 60.2522 58.6269 59.4396 
90 89.9999 89.9997 89.9992 89.9984 89.9968 89.9942 89.9899 89.9831 89.9728 89.9578 89.9364 89.907 89.8677 89.8167 89.752 89.6721 89.5756 89.4616 89.3293 89.1787 89.0098 88.8232 88.6196 88.4 88.1653 87.9167 87.6553 87.3822 87.0985 86.8052 86.5033 86.1936 85.8768 85.5538 85.2251 84.8913 84.5529 84.2104 83.8642 83.5147 83.1621 82.8069 82.4492 82.0892 81.7272 81.3634 80.9979 80.6308 80.2624 79.8927 79.5218 79.1499 78.777 78.4032 78.0286 77.6532 77.2771 76.9004 76.5231 76.1452 75.7668 75.388 75.0087 74.6291 74.249 73.8687 73.488 73.107 72.7258 72.3443 71.9626 71.5807 71.1986 70.8163 70.4339 70.0513 69.6686 69.2858 68.9028 68.5198 68.1367 67.7535 67.3702 66.9869 66.6035 66.2201 65.8366 65.4531 65.0696 64.6859 64.3019 63.9168 63.5287 63.1312 62.7052 62.1933 61.4197 59.8412 60.6305 
90 89.9999 89.9998 89.9994 89.9987 89.9975 89.9953 89.9918 89.9862 89.9777 89.9652 89.9473 89.9225 89.889 89.8452 89.7891 89.7193 89.6342 89.5327 89.414 89.2778 89.1239 88.9528 88.7648 88.5609 88.3419 88.1088 87.8627 87.6046 87.3357 87.0568 86.769 86.473 86.1698 85.86 85.5442 85.2231 84.8973 84.5671 84.233 83.8954 83.5546 83.211 82.8648 82.5162 82.1655 81.8128 81.4584 81.1024 80.7449 80.386 80.0259 79.6648 79.3025 78.9394 78.5753 78.2105 77.8449 77.4786 77.1118 76.7443 76.3763 76.0078 75.6388 75.2695 74.8997 74.5296 74.1591 73.7884 73.4173 73.046 72.6744 72.3026 71.9306 71.5585 71.1861 70.8136 70.4409 70.0681 69.6951 69.3221 68.9489 68.5757 68.2024 67.829 67.4555 67.082 66.7084 66.3348 65.9611 65.5873 65.2131 64.8379 64.4597 64.0723 63.6571 63.1581 62.4041 60.8652 61.6346 
